function out1 = OdeBicycleModelSmall(Ts,in2)
%ODEBICYCLEMODELSMALL
%    OUT1 = ODEBICYCLEMODELSMALL(TS,IN2)

%    This function was generated by the Symbolic Math Toolbox version 8.6.
%    07-Jul-2021 11:29:04

df = in2(5,:);
dtheta = in2(4,:);
dy = in2(2,:);
theta = in2(3,:);
out1 = [dy;df.*7.593189139438564+dtheta.*1.184537505752416e-1-dy.*9.111826967326277+theta.*1.518637827887713e+1;dtheta;df.*5.62555588496887e+1-dtheta.*9.716851467536317+dy.*7.631188852653424-theta.*1.271864808775571e+1;dtheta];
