function out1 = OdeBicycleModelLarge(Ts,in2)
%ODEBICYCLEMODELLARGE
%    OUT1 = ODEBICYCLEMODELLARGE(TS,IN2)

%    This function was generated by the Symbolic Math Toolbox version 8.2.
%    10-May-2021 11:32:00

df = in2(5,:);
dtheta = in2(4,:);
dy = in2(2,:);
theta = in2(3,:);
out1 = [dy;df.*1.122998324958124e2+dtheta.*4.267393634840871-dy.*1.497331099944165e1+theta.*2.245996649916248e2;dtheta;df.*8.229199112589455e1-dtheta.*1.910097602602034e1+dy.*3.096134319588111-theta.*4.644201479382166e1;dtheta];
